Designed by 许智超
化简三阶行列式的特征多项式。
------------------------------------------------------------
输入三阶行列式：

 27 -24 -20
 24 -21 -16
 6  -6  -7
输入的行列式为：
  27 -24 -20
  24 -21 -16
   6  -6  -7
此三阶行列式的特征方程为：
(-1)X^3+(-1)X^2+(9)X+(9)
-X^3 - X^2 + 9X + 9
第1个特征值为： -1
第2个特征值为：  3
第3个特征值为： -3
**************************
-1      3       -3
**************************
第1个特征值 -1对应的行列式为：
  28  -24  -20
  24  -20  -16
   6   -6   -6
第2个特征值  3对应的行列式为：
  24  -24  -20
  24  -24  -16
   6   -6  -10
第3个特征值 -3对应的行列式为：
  30  -24  -20
  24  -18  -16
   6   -6   -4
------------------------------------------------------------
输入三阶行列式(*退出)：
   1   0   0   0
   0   1   0   0
   0   0   1   0
   0   0   0   1


输入的行列式为：
   1   0   0   0
   0   2   0   0
   0   0   3   0
   0   0   0   4
2       4       6       8       10      12      14      16      18      20      22      24
1       10      24      -50     24
-------------------------------------------
输入的行列式为：
   1   0   0   0
   0   1   0   0
   0   0   1   0
   0   0   0   1

1 X^4   -4 X^3  6 X^2   -4 X^1  1 X^0

-------------------------------------------

输入四阶方阵：
1 0 0 0
0 2 0 0
0 0 3 0
0 0 0 4
输入的行列式为：
   1   0   0   0
   0   2   0   0
   0   0   3   0
   0   0   0   4

1 X^4   -10 X^3 12 X^2  -50 X^1 24 X^0
-----------------------------------------------------------



Designed by 许智超
化简n阶行列式的特征多项式。
输入任意数字开始：1
------------------------------------------------------------
输入四阶方阵：
1 0 0 0
0 2 0 0
0 0 3 0
0 0 0 4
输入的行列式为：
   1   0   0   0
   0   2   0   0
   0   0   3   0
   0   0   0   4
-------------------------------------------------------
最高次项系数即第4次项系数为(-1)^n即(-1)^4 = 1
-------------------------------------------------------
常数项为原方阵的行列式：24
-------------------------------------------------------
次高次项即3次项系数为：(-1)^3 * tr(A)=[(1)+(2)+(3)+(4)] * (-1) = -10

*****************************
对2次项系数进行研究：
1 2:
3 0 0 0
0 4 0 0
0 0 0 0
0 0 0 0
12
---------------------------
1 3:
2 0 0 0
0 4 0 0
0 0 0 0
0 0 0 0
8
---------------------------
1 4:
2 0 0 0
0 3 0 0
0 0 0 0
0 0 0 0
6
---------------------------
2 3:
1 0 0 0
0 4 0 0
0 0 0 0
0 0 0 0
4
---------------------------
2 4:
1 0 0 0
0 3 0 0
0 0 0 0
0 0 0 0
3
---------------------------
3 4:
1 0 0 0
0 2 0 0
0 0 0 0
0 0 0 0
2
---------------------------

(1)X^4+(-10)X^3 +(35)X^2 +(-50)X^1 +(24)X^0
------------------------------------------------------------
输入任意数字继续算(*退出)：
2
------------------------------------------------------------
输入四阶方阵：
3 1 1 0
1 3 1 0
1 1 1 0
0 0 0 1
输入的行列式为：
   3   1   1   0
   1   3   1   0
   1   1   1   0
   0   0   0   1
-------------------------------------------------------
最高次项系数即第4次项系数为(-1)^n即(-1)^4 = 1
-------------------------------------------------------
常数项为原方阵的行列式：4
-------------------------------------------------------
次高次项即3次项系数为：(-1)^3 * tr(A)=[(3)+(3)+(1)+(1)] * (-1) = -8

*****************************
对2次项系数进行研究：
1 2:
1 0 0 0
0 1 0 0
0 0 0 0
0 0 0 0
1
---------------------------
1 3:
3 0 0 0
0 1 0 0
0 0 0 0
0 0 0 0
3
---------------------------
1 4:
3 1 0 0
1 1 0 0
0 0 0 0
0 0 0 0
2
---------------------------
2 3:
3 0 0 0
0 1 0 0
0 0 0 0
0 0 0 0
3
---------------------------
2 4:
3 1 0 0
1 1 0 0
0 0 0 0
0 0 0 0
2
---------------------------
3 4:
3 1 0 0
1 3 0 0
0 0 0 0
0 0 0 0
8
---------------------------

(1)X^4+(-8)X^3 +(19)X^2 +(-16)X^1 +(4)X^0




























